1 -35
1 -32
1 -29
1 -26
1 -23
1 -20
1 -17
1 -14
1 -11
1 -8
1 -5
1 -2
1 1
1 4
1 7
1 10
1 13
1 16
1 19
1 22
1 25
1 28
1 31
1 34
2 -32
2 -27
2 -22
2 -17
2 -12
2 -7
2 -2
2 3
2 8
2 13
2 18
2 23
2 28
2 33
3 -31
3 -24
3 -17
3 -10
3 -3
3 4
3 11
3 18
3 25
3 32
4 -32
4 -23
4 -14
4 -5
4 4
4 13
4 22
4 31
5 -25
5 -14
5 -3
5 8
5 19
5 30
6 -23
6 -10
6 3
6 16
6 29
7 -32
7 -17
7 -2
7 13
7 28
8 -24
8 -7
8 10
8 27
9 -31
9 -12
9 7
9 26
10 -17
10 4
10 25
11 -22
11 1
11 24
12 -27
12 -2
12 23
13 -32
13 -5
13 22
14 -8
14 21
15 -11
15 20
16 -14
16 19
17 -17
17 18
18 -20
18 17
19 -23
19 16
20 -26
20 15
21 -29
21 14
22 -32
22 13
23 -35
23 12
24 11
25 10
26 9
27 8
28 7
29 6
30 5
31 4
32 3
33 2
34 1
35 0
